00000011000001000100110001100001 00000100110000010001001101000011
00010010000010001001100010011011 01000100000100010011000100110001
01100100000100010011001000100111 00000100100000100010011011000111
00001010001001000001000100110110 01010000010001001100010011001000
10001001101000001000100110000011 10000010001000001000100110100110
01000001001000001000100110110011 00000100110000010001001101110011
00000011000001000100110001100001 01000001000100110100000010011010
00010010000010001001100010011011 10100000100010011000100111001000
01100100000100010011001000100111 00000100110000010001001101000011
00001010001001000001000100110110 01000100000100010011000100110001
10001001101000001000100110000011 00000100100000100010011011000111
01000001001000001000100110110011 01010000010001001100010011001000
00000011000001000100110001100001 10000010001000001000100110100110
00010010000010001001100010011011 00000100110000010001001101110011
01100100000100010011001000100111 01000001000100110100000010011010
00001010001001000001000100110110 10100000100010011000100111001000
10110111010010
